0
0
0
0
0
0
0
0
0
0
0
0
0
0
0
0
0
0
0
0
0
0
0
0
0
0
0
0
0
0
0
0
0
0
0
0
0
0
0
0
62.5
62.5
62.5
62.5
62.5
62.5
62.5
62.5
62.5
62.5
82.1428571428571
82.1428571428571
72.0357142857143
72.0357142857143
71.25
71.25
76.9642857142857
76.9642857142857
72.6785714285714
72.6785714285714
42.8571428571429
42.8571428571429
42.8571428571429
42.8571428571429
41.6071428571429
41.6071428571429
52.9642857142857
52.9642857142857
52.7857142857143
52.7857142857143
42.8571428571429
42.8571428571429
42.8571428571429
42.8571428571429
139.5
139.5
136.892857142857
136.892857142857
128.035714285714
128.035714285714
48.6428571428571
48.6428571428571
51.8571428571429
51.8571428571429
52.6785714285714
52.6785714285714
52.6785714285714
52.6785714285714
52.6785714285714
52.6785714285714
